lat,long,density
40.7203721225,-73.9990842661,947
40.7299013514,-73.8637162162,74
40.7845110092,-73.9546752294,218
40.6842712522,-73.977135097,567
40.7383901257,-73.9876571813,1114
40.6484876623,-73.7828681818,154
40.7048141869,-73.9319532872,289
40.8327393617,-73.9423755319,94
40.7627407913,-73.9807974079,733
40.7397630495,-74.0075266484,1456
40.7124774257,-73.9575437624,505
40.8438904762,-73.8346190476,21
40.7625237864,-73.9182820388,206
40.7073170854,-74.0046005025,597
40.6709008403,-73.9891394958,238
40.6841150376,-73.9354887218,133
40.6670236842,-73.9503280702,114
40.7252473684,-73.8001447368,38
40.7456328467,-74.0355474453,137
40.7279575635,-73.9871937056,985
40.7679874598,-73.991492926,311
40.6185560976,-74.0152292683,41
40.8813939394,-73.9100666667,33
40.7735442688,-73.8727102767,253
40.8025403846,-73.9585115385,156
40.7574226168,-73.973555514,535
40.7306704259,-74.0007781546,1268
40.7873677419,-73.9749119107,403
40.7234101266,-74.034535443,79
40.8176728261,-73.9371369565,92
40.683115625,-73.832075,32
40.7516813084,-73.9857665421,535
40.6775321429,-73.9981690476,168
40.7244152381,-74.0089902857,525
40.8926458333,-73.7781791667,24
40.6320795455,-73.9435181818,44
40.6812591837,-73.9208540816,98
40.7242347368,-73.9503705263,285
40.75068375,-73.9481,160
40.742369375,-73.9798223438,640
40.8563342105,-73.8879078947,38
40.6858525952,-73.955184083,289
40.7030642857,-73.8976571429,56
40.7557931034,-73.84645,58
40.7191219873,-73.9891463002,946
40.7625528302,-73.9600748428,318
40.8824142857,-74.0127285714,7
40.7157647687,-74.0146316726,281
40.7679509615,-73.9291163462,104
40.6928914676,-73.9958989761,293
40.7507251724,-74.0037641379,580
40.7417886447,-73.9936163004,546
40.725805824,-73.9916374586,1511
40.7062034335,-73.9417759657,233
40.7759504,-73.9802525333,375
40.6767454006,-74.0151243323,337
40.78251,-73.78538,10
40.7281581047,-73.9785269327,401
40.75442723,-73.9975626761,426
40.7194519608,-73.8450568627,102
40.7607499398,-73.9870466907,831
40.6380119048,-74.00065,42
40.6377083333,-73.8961388889,36
40.7384375427,-74.0302955631,293
40.701578125,-73.9921809028,288
40.7048248042,-74.010012141,766
40.7503179487,-73.8925615385,39
40.8020541667,-73.9231416667,24
40.7336891667,-74.0028544643,1680
40.7047675,-73.9235805556,360
40.6834891228,-73.9643691228,285
40.7697045946,-73.9547702703,370
40.8659409639,-73.9260710843,83
40.6642757576,-73.9816873737,198
40.7237835153,-74.0039725983,916
40.6732275862,-73.8744655172,29
40.7223412587,-74.0459468531,143
40.8290897436,-73.9232910256,78
40.711776354,-73.9649970938,757
40.7486716763,-73.938782659,173
40.7440998141,-73.9737141264,538
40.7775404762,-74.0153095238,42
40.6903482051,-73.9705548718,390
40.871036,-73.846956,25
40.7483393684,-73.9883263158,475
40.648395122,-73.9772219512,82
40.7693475989,-73.9825769774,708
40.6900135945,-73.9855953917,434
40.8203275862,-73.8182275862,29
40.7352252688,-73.9547725806,186
40.7730842105,-73.8982315789,76
40.7343743532,-73.9915893138,889
40.6430842105,-73.9235631579,38
40.7432063636,-73.9208618182,110
40.7231421348,-73.9414977528,178
40.7188289072,-74.0044839013,851
40.7187280193,-73.9841137681,414
40.7672689139,-73.9667876404,267
40.8176783505,-73.9588989691,97
40.7276953938,-74.0009338782,1346
40.6920404959,-73.9233363636,121
40.6543588235,-74.0057485294,68
40.7527919255,-73.9791180124,483
40.8112867816,-73.9440712644,174
40.6933182857,-73.9466737143,175
40.6789606383,-73.9469196809,188
40.8979722222,-73.8631,18
40.6711368852,-73.9760770492,122
40.8906404255,-73.9014957447,47
40.6563413793,-73.8392793103,29
40.685426087,-73.858026087,23
40.7300729196,-73.9824932299,709
40.7162010941,-73.9508892779,457
40.7531146853,-74.0282814685,286
40.6793671642,-73.9882173134,335
40.6766388889,-73.7919555556,18
40.8528629213,-73.9345067416,89
40.7457546906,-73.9947447106,501
40.7442466667,-73.8455877778,90
40.7758533597,-73.962401581,253
40.7743981818,-73.9479992727,275
40.7898333333,-74.0461666667,15
40.7325652174,-74.0091923395,483
40.715653125,-74.008746875,704
40.7640588235,-73.9090564706,85
40.7344988024,-73.9772547904,334
40.8713214286,-73.8186571429,14
40.7627409091,-73.8077681818,22
40.7209916941,-73.9937634046,1216
40.7570015106,-73.9828767372,662
40.7385860647,-74.0020713489,897
40.761238601,-73.9940494819,386
40.83559,-73.880875,20
40.6744708772,-73.9568007018,285
40.7154812689,-73.9980042296,331
40.7689039474,-73.8642927632,152
40.7733101942,-73.9157300971,206
40.7044466667,-73.8321911111,45
40.645540708,-73.7894880531,226
40.7638340845,-73.9760542254,710
40.6673181818,-73.8917939394,33
40.662206599,-73.9910680203,197
40.8024448864,-73.9499528409,176
40.7943073394,-73.9701669725,218
40.7325105779,-73.9870885406,1021
40.7243985337,-73.9557721408,341
40.7097457944,-73.9501011682,428
40.6971310811,-73.9327963964,222
40.7852827586,-73.8299827586,29
40.7079111663,-74.0149573201,403
40.7596533333,-73.9648931034,435
40.750802584,-73.9932065891,774
40.6934736527,-73.9602598802,167
40.7502866255,-73.9730032922,486
40.75837034,-73.9910762016,853
40.7428365385,-73.9032307692,52
40.7814010989,-73.948707326,273
40.738127656,-73.9968848229,593
40.6764143369,-73.9817645161,279
40.620996,-73.91864,25
40.8041473934,-73.9660109005,211
40.7197497067,-74.0089872434,682
40.85005,-73.97394,10
40.7134061728,-74.0418944444,162
40.61205,-73.95451,10
40.7567518519,-73.8291685185,54
40.736102439,-73.8799292683,41
40.8250235294,-73.9484205882,136
40.7298081892,-74.005072895,867
40.747144591,-74.0065939314,379
40.6609659574,-73.9164085106,47
40.732427931,-73.9962722414,580
40.7011886179,-73.9848280488,246
40.7394524272,-74.0433864078,103
40.6440970588,-74.0172058824,34
40.8913,-74.0504,4
40.8095884058,-73.9539608696,138
40.7122223602,-73.9365913043,161
40.7827151282,-73.9789525641,390
40.6695478723,-73.9355904255,94
40.685728013,-73.9921185668,307
40.7143857895,-73.9906581579,380
40.8878,-73.967675,8
40.82121875,-73.855325,16
40.7200348469,-73.9571440338,947
40.6892484615,-73.9096353846,130
40.7435913223,-74.0072756198,484
40.7304097902,-73.9578807692,286
40.7250108619,-73.9834454545,847
40.7978291667,-74.0009916667,24
40.71455625,-73.81770625,16
40.7625752688,-73.9983991398,465
40.8692451613,-73.8798129032,62
40.7649322581,-73.986072326,589
40.7220002667,-73.9877585778,1125
40.7174990237,-73.9619924686,717
40.755361825,-73.9679612663,537
40.7220973684,-73.9002078947,38
40.7468101208,-73.9780924471,662
40.6785062762,-73.9713050209,239
40.7904462121,-73.9441522727,132
40.8656307692,-73.9018038462,26
40.7380219971,-73.9914855282,691
40.7557890351,-73.9876583333,456
40.8468642857,-73.9091107143,28
40.7433126263,-73.9845122896,594
40.7444486486,-73.989560395,962
40.7755435,-73.9885105,200
40.8218375,-73.9024,24
40.6659648148,-73.9613074074,108
40.6755137441,-73.9638194313,211
40.6404722222,-73.9582888889,54
40.7268214487,-73.9946477893,1063
40.7342217184,-73.9994885442,1257
40.7297035849,-73.9911272642,1060
40.7109065134,-74.0075310345,522
40.84884,-73.78708,5
40.9020571429,-73.8080857143,7
40.7081733333,-73.78344,15
40.7390789474,-73.7842263158,19
40.6324698413,-74.0270238095,63
40.7235293065,-73.9787,447
40.7437356877,-73.9995284387,538
40.7146218121,-73.9436912752,298
40.6450376623,-73.7811274583,539
40.6367916667,-73.9679116667,60
40.7631876248,-73.9709477046,501
40.7018122951,-73.9143819672,122
40.8016700893,-73.9371933036,224
40.70259,-73.8037933333,30
40.7412411429,-74.0049532063,1575
40.7483596899,-73.9837244186,516
40.763755,-73.77347,20
40.7764274005,-73.9544735363,427
40.850475,-73.8615694444,36
40.6179869565,-74.0320043478,69
40.7540901961,-73.8801313725,51
40.669445,-73.8086,20
40.7698028926,-73.9610078512,242
40.70943,-73.87122,20
40.6528851852,-73.9450740741,54
40.7453768456,-73.9549302013,298
40.6840160714,-74.0016958333,168
40.7570105263,-73.9255036842,190
40.6203842105,-73.9834157895,19
40.8438357143,-73.9392771429,70
40.7239692645,-73.997630955,911
40.6540549451,-73.9597901099,91
40.7352225368,-74.0063062288,883
40.7377887129,-73.9828550495,505
